maxerr = 7.82841e-05

    148.599   -37.3152   -16.4737   -5.65356   -1.60624   -8.23114    -5.6091   -2.74563   -1.11929  -0.323975   -40.6083    13.1585   -5.83002   0.950531  -0.612084     6.0199   -20.9466    12.8897    14.3313   -2.51319   -2.32967
   -37.3152    237.057   -57.3509   -15.6272   -3.81836   -8.62344   -13.0216   -9.70229   -3.03707  -0.701698   -27.8762    6.16388   -2.37784    5.00082    1.34198    7.53727   -2.16055  -0.307925  0.0180054   -8.43046   -1.53679
   -16.4737    -57.351    239.177   -53.8106   -16.8973   -3.15396   -5.27945   -12.1343    -10.119   -2.17786   -10.8745    10.0364    1.27563    -3.5787    1.14029    6.35378    14.3657   -10.4921   -3.35949   -11.1411   -2.11788
   -5.65356   -15.6272   -53.8106    245.893   -85.4859   -1.05658   -1.72022   -4.32393   -11.8348   -9.10448   -3.44907    13.9168   0.403402   -8.45105   0.446298   -5.89434     38.162   -14.1897  -0.668841   -10.2543   -2.80989
   -1.60625   -3.81835   -16.8974   -85.4859    279.618  -0.383701  -0.631546   -1.67904   -6.09733   -20.8171  -0.884329    30.1601  -0.704712    51.6867 -0.0511448    112.765   -115.525   -3.44452  -0.505488    -20.815   -7.15575
   -8.23114   -8.62344   -3.15396   -1.05658  -0.383701     49.684   -1.91676  -0.769884  -0.281281 -0.0643903   -8.30077    3.97175   0.548792   0.379744    1.12432   -2.11117 -0.0837481   0.793383  -0.467669  -0.906904  -0.101122
    -5.6091   -13.0216   -5.27946   -1.72022  -0.631545   -1.91676    50.1369   -1.36526   -0.51809  -0.137792    -4.4001    1.69346 -0.0742426    0.24433   0.204423   -1.94607   0.562492   0.577859    1.71482   -1.60696 -0.0718904
   -2.74563   -9.70229   -12.1343   -4.32393   -1.67903  -0.769884   -1.36526    50.1968   -1.27619  -0.372312   -1.83553    1.34403   0.644964 -0.0479536  -0.288546   -3.34378    1.25835    1.73662   0.435473   -2.29856  0.0314063
   -1.11929   -3.03708    -10.119   -11.8348   -6.09734  -0.281281   -0.51809   -1.27619    49.9972   -1.13781  -0.686605    1.97437   0.390962    -1.8589  -0.185989    -3.0917    3.72404    1.23768   -0.28071   -2.30619 0.00825136
  -0.323975  -0.701697   -2.17786   -9.10448   -20.8171 -0.0643903  -0.137792  -0.372312   -1.13781    49.9622  -0.183422    1.70716   0.172889   -3.32583  -0.100693   -4.49088    8.47243    1.01119 -0.0234438   -1.79523 -0.0912054
   -40.6083   -27.8762   -10.8746   -3.44907  -0.884329   -8.30077    -4.4001   -1.83553  -0.686604  -0.183422    144.961    15.2199    8.63909     3.8156   -8.01809    10.4134   -17.4778    10.3884   -3.95782   -1.87232  -0.880275
    13.1584    6.16407    10.0368    13.9169    30.1601    3.97174    1.69344      1.344    1.97433    1.70713    15.2199    3646.68    6.24286    119.374    362.152    1117.56    52.4084     26.037    13.9901    27.9042    2.68928
   -5.83002   -2.37785    1.27562   0.403401  -0.704712   0.548791 -0.0742436   0.644964   0.390962   0.172889    8.63909    6.24292    1279.69    28.4324    148.837    163.708    31.1332   -3.01139     33.008    1.22545    -2.7449
   0.950546    5.00085   -3.57858   -8.45104    51.6867   0.379741   0.244324 -0.0479611   -1.85892   -3.32584     3.8156    119.374    28.4324      188.9     3.0973    652.125    357.032  -0.699401    37.4678   -3.22334   -7.90911
  -0.612085    1.34198    1.14029   0.446298 -0.0511448    1.12432   0.204422  -0.288546  -0.185989  -0.100693   -8.01808    362.152    148.837     3.0973    602.565   -41.1507   -7.99649    5.03591     16.737  -0.327204 -0.0662224
    6.01976    7.53748    6.35423   -5.89416    112.765   -2.11118   -1.94608    -3.3438   -3.09173   -4.49091    10.4135    1117.56    163.707    652.125   -41.1507      10036    571.342   -136.877   -20.8298   -17.1573    14.6997
   -20.9466   -2.16054    14.3658     38.162   -115.525 -0.0837486   0.562493    1.25835    3.72403    8.47243   -17.4778    52.4084    31.1332    357.032   -7.99649    571.342     3093.1    262.217    65.0193    5.88455    4.94124
    12.8897  -0.307913   -10.4921   -14.1897   -3.44452   0.793382   0.577854    1.73661    1.23767    1.01119    10.3884     26.037   -3.01139  -0.699409    5.03591   -136.877    262.217    5510.13   -39.3878   0.426646    1.52708
    14.3313  0.0180075    -3.3595  -0.668842  -0.505488   -0.46767    1.71482   0.435472   -0.28071  -0.023444   -3.95783    13.9901     33.008    37.4678     16.737   -20.8298    65.0193   -39.3878    368.778  -0.144048     1.1993
   -2.51319   -8.43046   -11.1411   -10.2543    -20.815  -0.906904   -1.60696   -2.29856   -2.30618   -1.79523   -1.87232    27.9043    1.22546   -3.22332  -0.327203   -17.1571    5.88455   0.426648  -0.144049    107.255    1.70013
   -2.32967   -1.53679   -2.11788   -2.80989   -7.15575  -0.101122 -0.0718906   0.031406 0.00825066  -0.091206  -0.880276    2.68937    -2.7449   -7.90909 -0.0662227    14.6999    4.94124    1.52708     1.1993    1.70013    68.5765

          0 -4.94114e-09 -9.3965e-08 9.8782e-08 1.50937e-06 -1.36002e-08 -2.81416e-08 -4.19381e-08 -1.05081e-07 7.85423e-07 -1.93672e-08 2.82822e-06 -3.81282e-08 -7.78171e-06 7.55441e-07 1.1651e-05 -1.85488e-07 -1.33295e-07 1.56393e-08 5.4612e-08 1.33522e-07
 4.94114e-09          0 8.43784e-08 5.04974e-07 -1.54052e-06 1.60033e-07 2.09123e-08 -1.97403e-07 1.02331e-06 -6.72514e-07 4.8064e-08 -1.59225e-05 1.44561e-06 -2.98798e-06 7.37311e-10 -1.40869e-05 -3.95812e-06 -2.06175e-05 -5.55927e-05 4.83159e-08 -2.03779e-07
 9.3965e-08 -8.43784e-08          0 -4.58091e-08 1.50741e-06 6.55853e-07 6.31092e-07 -4.16871e-08 -5.94955e-07 1.02553e-06 3.79702e-07 -1.89205e-05 2.69179e-06 -1.62236e-05 -6.70702e-07 -3.58209e-05 -4.55706e-06 -4.12365e-07 1.50344e-06 -9.41206e-08 -4.75446e-07
 -9.8782e-08 -5.04974e-07 4.58091e-08          0 -5.62884e-09 1.09897e-07 2.59014e-08 2.09968e-07 1.49031e-08 -6.85597e-09 -5.1046e-08 -4.0008e-06 7.44991e-07 -6.53664e-07 -4.17541e-08 -1.47644e-05 -1.68407e-07 -1.04324e-07 3.16971e-07 -1.31787e-08 -2.02845e-07
 -1.50937e-06 1.54052e-06 -1.50741e-06 5.62884e-09          0 -7.59354e-08 -4.04646e-07 -2.56902e-07 4.29108e-07 3.62349e-08 -1.51418e-07 5.5038e-07 -1.83192e-08 5.59796e-08 -3.91598e-07 1.95585e-07 1.13815e-08 1.25579e-08 7.50698e-09 9.16081e-09 -1.3267e-08
 1.36002e-08 -1.60033e-07 -6.55853e-07 -1.09897e-07 7.59354e-08          0 -4.12722e-08 -6.35152e-08 3.13173e-07 4.68157e-07 -2.55135e-08 1.21297e-06 7.67144e-07 4.62241e-06 8.82997e-07 2.35249e-06 2.86704e-06 8.87298e-07 1.39137e-06 4.45732e-08 7.74682e-07
 2.81416e-08 -2.09123e-08 -6.31092e-07 -2.59014e-08 4.04646e-07 4.12722e-08          0 -1.97585e-07 1.66554e-07 5.27692e-07 -1.09564e-08 5.22197e-06 6.94773e-06 1.2511e-05 3.39108e-06 2.90734e-06 -3.41712e-07 4.35825e-06 8.81751e-07 3.48437e-09 1.97344e-06
 4.19381e-08 1.97403e-07 4.16871e-08 -2.09968e-07 2.56902e-07 6.35152e-08 1.97585e-07          0 -2.38538e-07 1.81708e-07 1.71329e-07 9.47295e-06 5.26397e-08 7.82841e-05 7.40494e-07 3.19939e-06 9.93124e-07 1.12271e-06 1.04119e-06 -4.49035e-08 4.95126e-06
 1.05081e-07 -1.02331e-06 5.94955e-07 -1.49031e-08 -4.29108e-07 -3.13173e-07 -1.66554e-07 2.38538e-07          0 -3.13971e-07 -2.23318e-07 9.74611e-06 -1.34754e-07 4.78141e-06 -3.74562e-07 3.92715e-06 1.5925e-06 3.07087e-06 8.65639e-07 -5.62754e-08 3.98706e-05
 -7.85423e-07 6.72514e-07 -1.02553e-06 6.85597e-09 -3.62349e-08 -4.68157e-07 -5.27692e-07 -1.81708e-07 3.13971e-07          0 -1.53084e-07 1.07883e-05 -2.56616e-07 1.43968e-06 -1.09207e-06 3.98956e-06 3.24201e-07 2.16621e-06 3.42351e-06 -4.59064e-08 3.25228e-06
 1.93672e-08 -4.8064e-08 -3.79702e-07 5.1046e-08 1.51418e-07 2.55135e-08 1.09564e-08 -1.71329e-07 2.23318e-07 1.53084e-07          0 -1.17494e-06 1.95632e-08 -9.82737e-08 -1.28784e-07 -2.64236e-06 -2.01067e-07 1.85378e-07 5.72783e-07 1.4153e-08 1.73276e-07
 -2.82822e-06 1.59225e-05 1.89205e-05 4.0008e-06 -5.5038e-07 -1.21297e-06 -5.22197e-06 -9.47295e-06 -9.74611e-06 -1.07883e-05 1.17494e-06          0 -4.06537e-06 1.68569e-07 -1.01162e-08 6.50552e-08 -1.66117e-07 4.58618e-07 -6.50057e-08 -2.23585e-06 -1.68312e-05
 3.81282e-08 -1.44561e-06 -2.69179e-06 -7.44991e-07 1.83192e-08 -7.67144e-07 -6.94773e-06 -5.26397e-08 1.34754e-07 2.56616e-07 -1.95632e-08 4.06537e-06          0 2.3096e-07 2.88366e-09 2.22111e-07 1.70577e-09 7.34654e-08 1.73227e-09 -5.10687e-07 -5.43902e-08
 7.78171e-06 2.98798e-06 1.62236e-05 6.53664e-07 -5.59796e-08 -4.62241e-06 -1.2511e-05 -7.82841e-05 -4.78141e-06 -1.43968e-06 9.82737e-08 -1.68569e-07 -2.3096e-07          0 -1.5597e-07 -3.76171e-09 -1.7972e-09 5.18905e-06 -2.12672e-09 -3.72455e-06 -1.33878e-06
 -7.55441e-07 -7.37311e-10 6.70702e-07 4.17541e-08 3.91598e-07 -8.82997e-07 -3.39108e-06 -7.40494e-07 3.74562e-07 1.09207e-06 1.28784e-07 1.01162e-08 -2.88366e-09 1.5597e-07          0 9.11542e-08 -3.69519e-08 4.46917e-08 1.37395e-09 -1.8543e-06 2.37247e-06
 -1.1651e-05 1.40869e-05 3.58209e-05 1.47644e-05 -1.95585e-07 -2.35249e-06 -2.90734e-06 -3.19939e-06 -3.92715e-06 -3.98956e-06 2.64236e-06 -6.50552e-08 -2.22111e-07 3.76171e-09 -9.11542e-08          0 -2.69464e-08 1.05618e-07 -5.01822e-08 -5.35994e-06 -6.88514e-06
 1.85488e-07 3.95812e-06 4.55706e-06 1.68407e-07 -1.13815e-08 -2.86704e-06 3.41712e-07 -9.93124e-07 -1.5925e-06 -3.24201e-07 2.01067e-07 1.66117e-07 -1.70577e-09 1.7972e-09 3.69519e-08 2.69464e-08          0 5.51349e-09 -2.93153e-09 -1.55265e-07 -5.3734e-09
 1.33295e-07 2.06175e-05 4.12365e-07 1.04324e-07 -1.25579e-08 -8.87298e-07 -4.35825e-06 -1.12271e-06 -3.07087e-06 -2.16621e-06 -1.85378e-07 -4.58618e-07 -7.34654e-08 -5.18905e-06 -4.46917e-08 -1.05618e-07 -5.51349e-09          0 6.99494e-10 -2.26005e-06 7.90296e-08
 -1.56393e-08 5.55927e-05 -1.50344e-06 -3.16971e-07 -7.50698e-09 -1.39137e-06 -8.81751e-07 -1.04119e-06 -8.65639e-07 -3.42351e-06 -5.72783e-07 6.50057e-08 -1.73227e-09 2.12672e-09 -1.37395e-09 5.01822e-08 2.93153e-09 -6.99494e-10          0 9.89371e-07 1.71697e-07
 -5.4612e-08 -4.83159e-08 9.41206e-08 1.31787e-08 -9.16081e-09 -4.45732e-08 -3.48437e-09 4.49035e-08 5.62754e-08 4.59064e-08 -1.4153e-08 2.23585e-06 5.10687e-07 3.72455e-06 1.8543e-06 5.35994e-06 1.55265e-07 2.26005e-06 -9.89371e-07          0 1.74025e-06
 -1.33522e-07 2.03779e-07 4.75446e-07 2.02845e-07 1.3267e-08 -7.74682e-07 -1.97344e-06 -4.95126e-06 -3.98706e-05 -3.25228e-06 -1.73276e-07 1.68312e-05 5.43902e-08 1.33878e-06 -2.37247e-06 6.88514e-06 5.3734e-09 -7.90296e-08 -1.71697e-07 -1.74025e-06          0
