data<-structure(list(
  noFleets = 5L,
  fleetTypes = c(0,5,2,2,2),
  sampleTimes = c(-1,-1,0.55,0.125,0.125),
  noYears = 68,
  years = 1947:2014,
  nobs = 1145L,
  idx1 = c(0 ,7 ,15 ,22 ,29 ,37 ,45 ,54 ,63 ,72 ,81 ,90 ,99 ,107 ,116 ,125 ,134 ,143 ,152 ,161 ,170 ,179 ,188 ,197 ,206 ,215 ,233 ,250 ,266 ,282 ,
           297 ,314 ,323 ,333 ,352 ,370 ,390 ,409 ,430 ,451 ,472 ,493 ,514 ,542 ,567 ,592 ,618 ,642 ,666 ,689 ,713 ,737 ,763 ,789 ,815 ,840 ,865 ,
           891 ,916 ,941 ,967 ,992 ,1018 ,1043 ,1068 ,1093 ,1118 ,1143),
  idx2 = c(6 ,14 ,21 ,28 ,36 ,44 ,53 ,62 ,71 ,80 ,89 ,98 ,106 ,115 ,124 ,133 ,142 ,151 ,160 ,169 ,178 ,187 ,196 ,205 ,214 ,232 ,249 ,265 ,281 ,
           296 ,313 ,322 ,332 ,351 ,369 ,389 ,408 ,429 ,450 ,471 ,492 ,513 ,541 ,566 ,591 ,617 ,641 ,665 ,688 ,712 ,736 ,762 ,788 ,814 ,839 ,864 ,
           890 ,915 ,940 ,966 ,991 ,1017 ,1042 ,1067 ,1092 ,1117 ,1142 ,1144),
  obs = structure(c(1947 ,1947 ,1947 ,1947 ,1947 ,1947 ,1947 ,1948 ,1948 ,1948 ,1948 ,1948 ,1948 ,1948 ,1948 ,1949 ,1949 ,1949 ,1949 ,1949 ,1949 ,
  1949 ,1950 ,1950 ,1950 ,1950 ,1950 ,1950 ,1950 ,1951 ,1951 ,1951 ,1951 ,1951 ,1951 ,1951 ,1951 ,1952 ,1952 ,1952 ,1952 ,1952 ,1952 ,1952 ,1952 ,
  1953 ,1953 ,1953 ,1953 ,1953 ,1953 ,1953 ,1953 ,1953 ,1954 ,1954 ,1954 ,1954 ,1954 ,1954 ,1954 ,1954 ,1954 ,1955 ,1955 ,1955 ,1955 ,1955 ,1955 ,
  1955 ,1955 ,1955 ,1956 ,1956 ,1956 ,1956 ,1956 ,1956 ,1956 ,1956 ,1956 ,1957 ,1957 ,1957 ,1957 ,1957 ,1957 ,1957 ,1957 ,1957 ,1958 ,1958 ,1958 ,
  1958 ,1958 ,1958 ,1958 ,1958 ,1958 ,1959 ,1959 ,1959 ,1959 ,1959 ,1959 ,1959 ,1959 ,1960 ,1960 ,1960 ,1960 ,1960 ,1960 ,1960 ,1960 ,1960 ,1961 ,
  1961 ,1961 ,1961 ,1961 ,1961 ,1961 ,1961 ,1961 ,1962 ,1962 ,1962 ,1962 ,1962 ,1962 ,1962 ,1962 ,1962 ,1963 ,1963 ,1963 ,1963 ,1963 ,1963 ,1963 ,
  1963 ,1963 ,1964 ,1964 ,1964 ,1964 ,1964 ,1964 ,1964 ,1964 ,1964 ,1965 ,1965 ,1965 ,1965 ,1965 ,1965 ,1965 ,1965 ,1965 ,1966 ,1966 ,1966 ,1966 ,
  1966 ,1966 ,1966 ,1966 ,1966 ,1967 ,1967 ,1967 ,1967 ,1967 ,1967 ,1967 ,1967 ,1967 ,1968 ,1968 ,1968 ,1968 ,1968 ,1968 ,1968 ,1968 ,1968 ,1969 ,
  1969 ,1969 ,1969 ,1969 ,1969 ,1969 ,1969 ,1969 ,1970 ,1970 ,1970 ,1970 ,1970 ,1970 ,1970 ,1970 ,1970 ,1971 ,1971 ,1971 ,1971 ,1971 ,1971 ,1971 ,
  1971 ,1971 ,1972 ,1972 ,1972 ,1972 ,1972 ,1972 ,1972 ,1972 ,1972 ,1972 ,1972 ,1972 ,1972 ,1972 ,1972 ,1972 ,1972 ,1972 ,1973 ,1973 ,1973 ,1973 ,
  1973 ,1973 ,1973 ,1973 ,1973 ,1973 ,1973 ,1973 ,1973 ,1973 ,1973 ,1973 ,1973 ,1974 ,1974 ,1974 ,1974 ,1974 ,1974 ,1974 ,1974 ,1974 ,1974 ,1974 ,
  1974 ,1974 ,1974 ,1974 ,1974 ,1975 ,1975 ,1975 ,1975 ,1975 ,1975 ,1975 ,1975 ,1975 ,1975 ,1975 ,1975 ,1975 ,1975 ,1975 ,1975 ,1976 ,1976 ,1976 ,
  1976 ,1976 ,1976 ,1976 ,1976 ,1976 ,1976 ,1976 ,1976 ,1976 ,1976 ,1976 ,1977 ,1977 ,1977 ,1977 ,1977 ,1977 ,1977 ,1977 ,1977 ,1977 ,1977 ,1977 ,
  1977 ,1977 ,1977 ,1977 ,1977 ,1978 ,1978 ,1978 ,1978 ,1978 ,1978 ,1978 ,1978 ,1978 ,1979 ,1979 ,1979 ,1979 ,1979 ,1979 ,1979 ,1979 ,1979 ,1979 ,
  1980 ,1980 ,1980 ,1980 ,1980 ,1980 ,1980 ,1980 ,1980 ,1980 ,1980 ,1980 ,1980 ,1980 ,1980 ,1980 ,1980 ,1980 ,1980 ,1981 ,1981 ,1981 ,1981 ,1981 ,
  1981 ,1981 ,1981 ,1981 ,1981 ,1981 ,1981 ,1981 ,1981 ,1981 ,1981 ,1981 ,1981 ,1982 ,1982 ,1982 ,1982 ,1982 ,1982 ,1982 ,1982 ,1982 ,1982 ,1982 ,
  1982 ,1982 ,1982 ,1982 ,1982 ,1982 ,1982 ,1982 ,1982 ,1983 ,1983 ,1983 ,1983 ,1983 ,1983 ,1983 ,1983 ,1983 ,1983 ,1983 ,1983 ,1983 ,1983 ,1983 ,
  1983 ,1983 ,1983 ,1983 ,1984 ,1984 ,1984 ,1984 ,1984 ,1984 ,1984 ,1984 ,1984 ,1984 ,1984 ,1984 ,1984 ,1984 ,1984 ,1984 ,1984 ,1984 ,1984 ,1984 ,
  1984 ,1985 ,1985 ,1985 ,1985 ,1985 ,1985 ,1985 ,1985 ,1985 ,1985 ,1985 ,1985 ,1985 ,1985 ,1985 ,1985 ,1985 ,1985 ,1985 ,1985 ,1985 ,1986 ,1986 ,
  1986 ,1986 ,1986 ,1986 ,1986 ,1986 ,1986 ,1986 ,1986 ,1986 ,1986 ,1986 ,1986 ,1986 ,1986 ,1986 ,1986 ,1986 ,1986 ,1987 ,1987 ,1987 ,1987 ,1987 ,
  1987 ,1987 ,1987 ,1987 ,1987 ,1987 ,1987 ,1987 ,1987 ,1987 ,1987 ,1987 ,1987 ,1987 ,1987 ,1987 ,1988 ,1988 ,1988 ,1988 ,1988 ,1988 ,1988 ,1988 ,
  1988 ,1988 ,1988 ,1988 ,1988 ,1988 ,1988 ,1988 ,1988 ,1988 ,1988 ,1988 ,1988 ,1989 ,1989 ,1989 ,1989 ,1989 ,1989 ,1989 ,1989 ,1989 ,1989 ,1989 ,
  1989 ,1989 ,1989 ,1989 ,1989 ,1989 ,1989 ,1989 ,1989 ,1989 ,1989 ,1989 ,1989 ,1989 ,1989 ,1989 ,1989 ,1990 ,1990 ,1990 ,1990 ,1990 ,1990 ,1990 ,
  1990 ,1990 ,1990 ,1990 ,1990 ,1990 ,1990 ,1990 ,1990 ,1990 ,1990 ,1990 ,1990 ,1990 ,1990 ,1990 ,1990 ,1990 ,1991 ,1991 ,1991 ,1991 ,1991 ,1991 ,
  1991 ,1991 ,1991 ,1991 ,1991 ,1991 ,1991 ,1991 ,1991 ,1991 ,1991 ,1991 ,1991 ,1991 ,1991 ,1991 ,1991 ,1991 ,1991 ,1992 ,1992 ,1992 ,1992 ,1992 ,
  1992 ,1992 ,1992 ,1992 ,1992 ,1992 ,1992 ,1992 ,1992 ,1992 ,1992 ,1992 ,1992 ,1992 ,1992 ,1992 ,1992 ,1992 ,1992 ,1992 ,1992 ,1993 ,1993 ,1993 ,
  1993 ,1993 ,1993 ,1993 ,1993 ,1993 ,1993 ,1993 ,1993 ,1993 ,1993 ,1993 ,1993 ,1993 ,1993 ,1993 ,1993 ,1993 ,1993 ,1993 ,1993 ,1994 ,1994 ,1994 ,
  1994 ,1994 ,1994 ,1994 ,1994 ,1994 ,1994 ,1994 ,1994 ,1994 ,1994 ,1994 ,1994 ,1994 ,1994 ,1994 ,1994 ,1994 ,1994 ,1994 ,1994 ,1995 ,1995 ,1995 ,
  1995 ,1995 ,1995 ,1995 ,1995 ,1995 ,1995 ,1995 ,1995 ,1995 ,1995 ,1995 ,1995 ,1995 ,1995 ,1995 ,1995 ,1995 ,1995 ,1995 ,1996 ,1996 ,1996 ,1996 ,
  1996 ,1996 ,1996 ,1996 ,1996 ,1996 ,1996 ,1996 ,1996 ,1996 ,1996 ,1996 ,1996 ,1996 ,1996 ,1996 ,1996 ,1996 ,1996 ,1996 ,1997 ,1997 ,1997 ,1997 ,
  1997 ,1997 ,1997 ,1997 ,1997 ,1997 ,1997 ,1997 ,1997 ,1997 ,1997 ,1997 ,1997 ,1997 ,1997 ,1997 ,1997 ,1997 ,1997 ,1997 ,1998 ,1998 ,1998 ,1998 ,
  1998 ,1998 ,1998 ,1998 ,1998 ,1998 ,1998 ,1998 ,1998 ,1998 ,1998 ,1998 ,1998 ,1998 ,1998 ,1998 ,1998 ,1998 ,1998 ,1998 ,1998 ,1998 ,1999 ,1999 ,
  1999 ,1999 ,1999 ,1999 ,1999 ,1999 ,1999 ,1999 ,1999 ,1999 ,1999 ,1999 ,1999 ,1999 ,1999 ,1999 ,1999 ,1999 ,1999 ,1999 ,1999 ,1999 ,1999 ,1999 ,
  2000 ,2000 ,2000 ,2000 ,2000 ,2000 ,2000 ,2000 ,2000 ,2000 ,2000 ,2000 ,2000 ,2000 ,2000 ,2000 ,2000 ,2000 ,2000 ,2000 ,2000 ,2000 ,2000 ,2000 ,
  2000 ,2000 ,2001 ,2001 ,2001 ,2001 ,2001 ,2001 ,2001 ,2001 ,2001 ,2001 ,2001 ,2001 ,2001 ,2001 ,2001 ,2001 ,2001 ,2001 ,2001 ,2001 ,2001 ,2001 ,
  2001 ,2001 ,2001 ,2002 ,2002 ,2002 ,2002 ,2002 ,2002 ,2002 ,2002 ,2002 ,2002 ,2002 ,2002 ,2002 ,2002 ,2002 ,2002 ,2002 ,2002 ,2002 ,2002 ,2002 ,
  2002 ,2002 ,2002 ,2002 ,2003 ,2003 ,2003 ,2003 ,2003 ,2003 ,2003 ,2003 ,2003 ,2003 ,2003 ,2003 ,2003 ,2003 ,2003 ,2003 ,2003 ,2003 ,2003 ,2003 ,
  2003 ,2003 ,2003 ,2003 ,2003 ,2003 ,2004 ,2004 ,2004 ,2004 ,2004 ,2004 ,2004 ,2004 ,2004 ,2004 ,2004 ,2004 ,2004 ,2004 ,2004 ,2004 ,2004 ,2004 ,
  2004 ,2004 ,2004 ,2004 ,2004 ,2004 ,2004 ,2005 ,2005 ,2005 ,2005 ,2005 ,2005 ,2005 ,2005 ,2005 ,2005 ,2005 ,2005 ,2005 ,2005 ,2005 ,2005 ,2005 ,
  2005 ,2005 ,2005 ,2005 ,2005 ,2005 ,2005 ,2005 ,2006 ,2006 ,2006 ,2006 ,2006 ,2006 ,2006 ,2006 ,2006 ,2006 ,2006 ,2006 ,2006 ,2006 ,2006 ,2006 ,
  2006 ,2006 ,2006 ,2006 ,2006 ,2006 ,2006 ,2006 ,2006 ,2006 ,2007 ,2007 ,2007 ,2007 ,2007 ,2007 ,2007 ,2007 ,2007 ,2007 ,2007 ,2007 ,2007 ,2007 ,
  2007 ,2007 ,2007 ,2007 ,2007 ,2007 ,2007 ,2007 ,2007 ,2007 ,2007 ,2008 ,2008 ,2008 ,2008 ,2008 ,2008 ,2008 ,2008 ,2008 ,2008 ,2008 ,2008 ,2008 ,
  2008 ,2008 ,2008 ,2008 ,2008 ,2008 ,2008 ,2008 ,2008 ,2008 ,2008 ,2008 ,2008 ,2009 ,2009 ,2009 ,2009 ,2009 ,2009 ,2009 ,2009 ,2009 ,2009 ,2009 ,
  2009 ,2009 ,2009 ,2009 ,2009 ,2009 ,2009 ,2009 ,2009 ,2009 ,2009 ,2009 ,2009 ,2009 ,2010 ,2010 ,2010 ,2010 ,2010 ,2010 ,2010 ,2010 ,2010 ,2010 ,
  2010 ,2010 ,2010 ,2010 ,2010 ,2010 ,2010 ,2010 ,2010 ,2010 ,2010 ,2010 ,2010 ,2010 ,2010 ,2011 ,2011 ,2011 ,2011 ,2011 ,2011 ,2011 ,2011 ,2011 ,
  2011 ,2011 ,2011 ,2011 ,2011 ,2011 ,2011 ,2011 ,2011 ,2011 ,2011 ,2011 ,2011 ,2011 ,2011 ,2011 ,2012 ,2012 ,2012 ,2012 ,2012 ,2012 ,2012 ,2012 ,
  2012 ,2012 ,2012 ,2012 ,2012 ,2012 ,2012 ,2012 ,2012 ,2012 ,2012 ,2012 ,2012 ,2012 ,2012 ,2012 ,2012 ,2013 ,2013 ,2013 ,2013 ,2013 ,2013 ,2013 ,
  2013 ,2013 ,2013 ,2013 ,2013 ,2013 ,2013 ,2013 ,2013 ,2013 ,2013 ,2013 ,2013 ,2013 ,2013 ,2013 ,2013 ,2013 ,2014 ,2014 ,
