maxerr = 4.77886e-011

    141.943    1.07732   -1.07726  -0.524645   0.653337
    1.07732    16.0679    13.5608  -0.589359   0.785456
   -1.07726    13.5608     184.81   0.589405  -0.785422
  -0.524645  -0.589359   0.589405    18.5632   -8.20895
   0.653337   0.785456  -0.785422   -8.20895    16.3665

          0 -1.35573e-011 3.24357e-011 -5.51396e-012 4.47172e-013
 1.35573e-011          0 3.36494e-012 -4.77886e-011 -1.74099e-011
 -3.24357e-011 -3.36494e-012          0 2.42263e-011 2.36557e-011
 5.51396e-012 4.77886e-011 -2.42263e-011          0 1.50633e-012
 -4.47172e-013 1.74099e-011 -2.36557e-011 -1.50633e-012          0
