maxerr = 7.33006e-005

     2.9357  -0.897027   -1.72953 -0.0223708  -0.184018    0.22063 -0.0657031 -0.0355774    1.75555   -2.04053  -0.459853   -1.35946   0.754608     0.2164 -0.0965533  -0.820828    1.47344 -0.00563676   0.287011   0.550492  -0.196195   0.165489  0.0845538   0.581979
  -0.897027    19.4995   -14.5881  -0.194017   -1.76476    1.52344   -1.07457  -0.810452    5.25384    -11.187   -2.81881   -8.70994  0.0179803    2.29418  -0.973307   -0.86968    9.69176 -0.0366309     3.3149    5.34978   -2.20924    2.30827   0.354759    9.13014
   -1.72953   -14.5881    59.2669 -0.0846702  -0.861058    -11.316   -23.9521    -18.085   -13.3616    19.2519   -1.43529   -9.65596  -0.554179   -4.46873    -6.2734  -0.942823     82.145    0.63245    31.1616    9.07462   -82.8326    1.46247   -26.4007   0.615414
 -0.0223708  -0.194017   -0.08467    6.64532   -1.35602   -1.70472  -0.902506  -0.932981   0.783235  -0.642963   0.312564   -1.03134 -0.0054993  -0.480776  0.0479649 -0.0180248  -0.399439 -0.0230388  -0.386828    0.84149  -0.391757     1.1326    0.63399 -0.0606118
  -0.184018   -1.76476  -0.861058   -1.35602     50.053   -16.9093   -9.21572   -8.70052     3.0053    -4.6506   0.526004   -6.15445  -0.339058   -4.31509   0.566036 -0.0729887   -3.71591 0.00495378   -3.05896    8.26154   -3.92361    10.7427    5.99546     2.7786
    0.22063    1.52344    -11.316   -1.70472   -16.9093    230.228   -110.461   -80.9859   -5.62627    8.64561    1.26422    83.6379   -3.82837    7.65439    9.76265   0.631392   -17.3578    1.13297   -47.1391    9.24472   -47.2009    11.9605   -21.7472   -1.69953
 -0.0657031   -1.07457   -23.9521  -0.902506   -9.21572   -110.461    238.514   -43.0852    0.28595   -5.99716   0.779533    29.2455   -1.95709   -4.19227   -6.32418   0.752552   -23.6611   0.781058   -13.9267   -56.0366    99.5592    6.66321   -19.4086    11.2907
 -0.0355774  -0.810452    -18.085  -0.932981   -8.70052   -80.9859   -43.0852    144.526    -2.3332     3.1021   0.142957    19.0694   -1.32331  -0.321175    3.07402    0.55609   -26.5927   -2.48326    50.9992    4.76101   -51.7518   -41.1756    40.8186   -4.21016
    1.75555    5.25384   -13.3616   0.783235     3.0053   -5.62627   0.285953    -2.3332    823.304    -520.68    17.4317   -4.07262    9.40193    -39.154   -23.6325    10.9632   -18.9243   -2.20936     1.6219    -1.8959   -72.2902   -2.88467   -7.51729   -191.281
   -2.04053    -11.187    19.2519  -0.642963    -4.6506    8.64557   -5.99724    3.10207    -520.68    1929.26    -6.6934    207.041    80.8873    203.757    155.335   -8.99952    16.0204   0.114578    21.5843    4.06775    294.805    8.78845    32.3032   -224.234
  -0.459853   -2.81881   -1.43529   0.312564   0.526004    1.26421   0.779529   0.142956    17.4317   -6.69339     442.07    522.533    109.304    267.473    13.4797   -40.0409   -20.0715   -6.59707   -4.85136   0.161828   -4.59797   0.811672   -5.60808   -7.00774
   -1.35946   -8.70994   -9.65596   -1.03134   -6.15445    83.6379    29.2453    19.0693   -4.07269    207.042    522.533    3489.71   0.842732    1124.99    538.431    3.31879    415.892   -9.02527    216.504     5.6831    104.307    17.7496   -1.52746   -161.693
   0.754608  0.0179804  -0.554179 -0.00549929  -0.339058   -3.82837    -1.9571   -1.32331     9.4019    80.8874    109.304   0.842856    1927.42   -11.2304    28.2994    33.8583    55.8741    6.83301   -3.82162   -6.21434     50.127    1.78708    8.78525   -174.485
     0.2164    2.29418   -4.46873  -0.480777   -4.31509    7.65436    -4.1923  -0.321185    -39.154    203.757    267.473    1124.99   -11.2304    2188.86    80.0458    11.5836    76.3455    8.65889    475.484    11.5584    243.503    16.9206    134.319   -5.91409
 -0.0965533  -0.973307    -6.2734  0.0479647   0.566036    9.76269   -6.32411    3.07403   -23.6324    155.335    13.4797    538.431    28.2995    80.0458    1172.49    3.49127    74.7732   -1.53221   -60.5864    3.07221    214.092    8.60125    86.3455   -96.4062
  -0.820828   -0.86968  -0.942823 -0.0180248 -0.0729887   0.631392   0.752552    0.55609    10.9632   -8.99952   -40.0409    3.31879    33.8583    11.5836    3.49127    234.048    1.36414 -0.0448725  -0.761135  -0.162985    1.89604   0.108089   0.602354   -3.86536
    1.47344    9.69176     82.145   -0.39944   -3.71591   -17.3578   -23.6611   -26.5927   -18.9243    16.0204   -20.0715    415.892    55.8741    76.3455    74.7732    1.36414    1422.54   0.750046    53.6972    5.67837   -54.7659    5.36323   -42.6243    35.2402
 -0.00563676 -0.0366309    0.63245 -0.0230388 0.00495359    1.13297   0.781058   -2.48326   -2.20936   0.114579   -6.59707   -9.02527    6.83301    8.65889   -1.53221 -0.0448725   0.750046    663.731    12.5194   -1.53953   -2.27369    3.62065    7.52546    1.62566
   0.287011     3.3149    31.1616  -0.386828   -3.05896   -47.1392   -13.9267    50.9991     1.6219    21.5843   -4.85136    216.504   -3.82162    475.484   -60.5864  -0.761135    53.6972    12.5194    3996.99    3.97477    269.709   -28.3543     113.02    42.4369
   0.550492    5.34978    9.07462    0.84149    8.26154    9.24472   -56.0366    4.76101    -1.8959    4.06776   0.161829     5.6831   -6.21434    11.5584    3.07221  -0.162985    5.67837   -1.53953    3.97477    1055.65   -4.61327   -5.57473   -3.13602   -1.09482
  -0.196195   -2.20924   -82.8326  -0.391757   -3.92361    -47.201    99.5591   -51.7519   -72.2902    294.805   -4.59797    104.307     50.127    243.503    214.091    1.89604   -54.7659   -2.27369    269.709   -4.61327    6224.21   -4.53545   -75.3857   -287.111
   0.165489    2.30827    1.46247     1.1326    10.7427    11.9605    6.66321   -41.1756   -2.88467    8.78846   0.811672    17.7496    1.78708    16.9206    8.60124   0.108089    5.36323    3.62065   -28.3543   -5.57473   -4.53545    590.724   -13.1203   -7.13794
  0.0845538   0.354759   -26.4007    0.63399    5.99546   -21.7472   -19.4086    40.8186   -7.51729    32.3032   -5.60808   -1.52745    8.78525    134.319    86.3455   0.602354   -42.6243    7.52546     113.02   -3.13602   -75.3857   -13.1203    3816.81   -29.4317
   0.581979    9.13014   0.615419 -0.0606111     2.7786    -1.6995    11.2908   -4.21014   -191.281   -224.234   -7.00773   -161.693   -174.485   -5.91408   -96.4062   -3.86536    35.2402    1.62566    42.4369   -1.09481   -287.111   -7.13793   -29.4317     546.11

          0 -2.44534e-009 -1.27568e-008 -1.35125e-007 -9.96537e-009 3.89753e-008 -4.46904e-008 1.44195e-008 -8.31071e-010 -2.31088e-009 -9.85655e-010 -1.28553e-008 -8.28054e-009 1.30922e-008 -2.68256e-009 2.5281e-010 1.90624e-009 1.50841e-008 6.17515e-009 -2.45233e-009 -3.19862e-009 -2.80752e-009 1.00953e-008 -2.07509e-008
 2.44534e-009          0 -9.56729e-009 -1.13684e-007 -2.63166e-009 3.72609e-008 -9.62961e-009 9.91293e-009 3.56961e-009 2.38946e-008 7.43919e-009 -2.62418e-008 -1.58868e-006 4.95914e-008 8.46421e-008 2.87805e-008 1.91898e-008 3.48396e-007 4.00842e-008 -8.92212e-010 5.59432e-009 2.31036e-009 1.47643e-007 -3.47519e-008
 1.27568e-008 9.56729e-009          0 -1.22861e-006 3.06453e-008 9.41218e-009 8.77738e-009 5.03634e-009 1.73016e-008 1.39752e-007 9.45931e-008 -1.72935e-008 3.96409e-007 4.31654e-007 1.31219e-007 1.89095e-007 1.70962e-008 7.80874e-008 2.53096e-008 -3.43345e-009 9.14937e-009 3.00807e-008 1.70499e-008 -4.23038e-006
 1.35125e-007 1.13684e-007 1.22861e-006          0 -1.39077e-009 -5.07392e-008 -2.43867e-008 -1.597e-008 2.80244e-008 5.71775e-007 5.19401e-008 -5.20184e-008 -7.18023e-007 5.70547e-007 2.27761e-006 1.31594e-006 4.71586e-007 2.92963e-007 3.11365e-007 -6.8776e-009 2.64606e-007 4.00329e-009 9.27809e-008 -5.92206e-006
 9.96537e-009 2.63166e-009 -3.06453e-008 1.39077e-009          0 -3.76348e-008 -3.10589e-008 -2.03816e-008 1.94361e-008 3.76602e-007 1.89591e-007 -9.04595e-008 -3.92982e-007 2.42919e-007 2.09269e-007 1.40869e-007 4.94659e-008 1.77906e-005 5.17051e-007 7.24472e-009 1.93884e-007 2.24667e-009 2.41827e-009 -6.50411e-007
 -3.89753e-008 -3.72609e-008 -9.41218e-009 5.07392e-008 3.76348e-008          0 1.91802e-008 3.14707e-009 1.66312e-007 2.46668e-006 5.43062e-007 9.81163e-008 3.27978e-007 1.85095e-006 -2.0034e-006 -6.84277e-008 -3.48228e-008 4.96274e-007 4.57169e-007 4.03266e-008 7.2047e-007 -9.1047e-010 -2.64334e-007 -9.40133e-006
 4.46904e-008 9.62961e-009 -8.77738e-009 2.43867e-008 3.10589e-008 -1.91802e-008          0 -1.43292e-008 -6.42347e-006 7.33875e-006 2.31444e-006 1.93568e-006 1.98517e-006 2.66725e-006 -5.88275e-006 1.29391e-008 -1.01829e-008 -4.70751e-008 5.24048e-007 1.71041e-008 6.78001e-007 -1.01948e-008 -1.01802e-007 -2.96315e-006
 -1.44195e-008 -9.91293e-009 -5.03634e-009 1.597e-008 2.03816e-008 -3.14707e-009 1.43292e-008          0 -8.30395e-008 3.87869e-006 3.19684e-006 6.31355e-007 6.4461e-007 1.61594e-005 -2.94354e-006 -1.01489e-008 -5.88997e-009 9.17683e-008 9.52245e-008 5.05339e-008 3.07857e-007 -1.31592e-010 -4.98e-008 -2.10657e-006
 8.31071e-010 -3.56961e-009 -1.73016e-008 -2.80244e-008 -1.94361e-008 -1.66312e-007 6.42347e-006 8.30395e-008          0 3.67385e-008 7.7476e-008 8.63336e-006 1.70796e-006 7.41763e-008 -2.02178e-007 4.89744e-009 1.21575e-011 -1.42897e-008 -4.56575e-008 -7.67677e-008 4.32333e-008 9.1534e-008 -1.03425e-009 -3.25049e-008
 2.31088e-009 -2.38946e-008 -1.39752e-007 -5.71775e-007 -3.76602e-007 -2.46668e-006 -7.33875e-006 -3.87869e-006 -3.67385e-008          0 -5.65325e-007 -1.6243e-007 -6.19424e-007 -3.75361e-008 -8.04909e-008 -4.15065e-008 -1.87721e-009 -1.57687e-006 -2.55272e-008 -5.77189e-007 -3.11734e-008 -2.34006e-007 -3.25677e-008 -1.07306e-007
 9.85655e-010 -7.43919e-009 -9.45931e-008 -5.19401e-008 -1.89591e-007 -5.43062e-007 -2.31444e-006 -3.19684e-006 -7.7476e-008 5.65325e-007          0 9.27614e-009 -3.58043e-009 -1.98297e-010 -1.72204e-007 -2.05492e-010 3.03741e-010 -1.65558e-009 -1.1911e-008 -9.83243e-007 8.13647e-008 -7.29509e-008 -1.26313e-008 -4.35993e-007
 1.28553e-008 2.62418e-008 1.72935e-008 5.20184e-008 9.04595e-008 -9.81163e-008 -1.93568e-006 -6.31355e-007 -8.63336e-006 1.6243e-007 -9.27614e-009          0 -7.33006e-005 -9.2583e-009 -6.21299e-008 -1.88349e-007 -2.36847e-010 5.5585e-009 -4.77198e-009 -4.3344e-007 -1.37938e-007 -2.18549e-007 -1.15076e-006 -3.49543e-007
 8.28054e-009 1.58868e-006 -3.96409e-007 7.18023e-007 3.92982e-007 -3.27978e-007 -1.98517e-006 -6.4461e-007 -1.70796e-006 6.19424e-007 3.58043e-009 7.33006e-005          0 1.4723e-007 -8.15585e-007 -8.79456e-010 7.27195e-010 -7.5991e-009 -1.14994e-007 -6.16513e-008 7.22619e-008 -2.34965e-007 -7.41426e-008 -2.18155e-007
 -1.30922e-008 -4.95914e-008 -4.31654e-007 -5.70547e-007 -2.42919e-007 -1.85095e-006 -2.66725e-006 -1.61594e-005 -7.41763e-008 3.75361e-008 1.98297e-010 9.2583e-009 -1.4723e-007          0 -4.42259e-008 -4.82253e-009 -1.5838e-010 -1.52085e-008 -3.95013e-010 -8.58479e-008 -1.09842e-009 -1.20271e-008 -1.25908e-009 -1.08861e-006
 2.68256e-009 -8.46421e-008 -1.31219e-007 -2.27761e-006 -2.09269e-007 2.0034e-006 5.88275e-006 2.94354e-006 2.02178e-007 8.04909e-008 1.72204e-007 6.21299e-008 8.15585e-007 4.42259e-008          0 4.43608e-008 1.01208e-009 -1.50262e-009 2.84631e-009 1.70695e-007 2.74762e-008 1.24587e-007 4.95981e-009 2.69424e-008
 -2.5281e-010 -2.87805e-008 -1.89095e-007 -1.31594e-006 -1.40869e-007 6.84277e-008 -1.29391e-008 1.01489e-008 -4.89744e-009 4.15065e-008 2.05492e-010 1.88349e-007 8.79456e-010 4.82253e-009 -4.43608e-008          0 1.0938e-008 -1.47482e-008 4.75117e-009 -6.75097e-008 6.70622e-008 -1.61106e-008 -4.61573e-009 -8.13173e-008
 -1.90624e-009 -1.91898e-008 -1.70962e-008 -4.71586e-007 -4.94659e-008 3.48228e-008 1.01829e-008 5.88997e-009 -1.21575e-011 1.87721e-009 -3.03741e-010 2.36847e-010 -7.27195e-010 1.5838e-010 -1.01208e-009 -1.0938e-008          0 -1.61495e-008 1.39401e-010 -1.81796e-008 8.1286e-010 4.20364e-010 -1.25591e-010 -1.55192e-009
 -1.50841e-008 -3.48396e-007 -7.80874e-008 -2.92963e-007 -1.77906e-005 -4.96274e-007 4.70751e-008 -9.17683e-008 1.42897e-008 1.57687e-006 1.65558e-009 -5.5585e-009 7.5991e-009 1.52085e-008 1.50262e-009 1.47482e-008 1.61495e-008          0 1.8503e-008 -1.50356e-008 6.8088e-008 2.8896e-009 -2.24849e-010 -9.12087e-008
 -6.17515e-009 -4.00842e-008 -2.53096e-008 -3.11365e-007 -5.17051e-007 -4.57169e-007 -5.24048e-007 -9.52245e-008 4.56575e-008 2.55272e-008 1.1911e-008 4.77198e-009 1.14994e-007 3.95013e-010 -2.84631e-009 -4.75117e-009 -1.39401e-010 -1.8503e-008          0 -2.06383e-007 1.64817e-009 2.11511e-009 -6.22394e-010 -5.2787e-009
 2.45233e-009 8.92212e-010 3.43345e-009 6.8776e-009 -7.24472e-009 -4.03266e-008 -1.71041e-008 -5.05339e-008 7.67677e-008 5.77189e-007 9.83243e-007 4.3344e-007 6.16513e-008 8.58479e-008 -1.70695e-007 6.75097e-008 1.81796e-008 1.50356e-008 2.06383e-007          0 5.92505e-007 3.82305e-009 1.78301e-008 -1.67119e-006
 3.19862e-009 -5.59432e-009 -9.14937e-009 -2.64606e-007 -1.93884e-007 -7.2047e-007 -6.78001e-007 -3.07857e-007 -4.32333e-008 3.11734e-008 -8.13647e-008 1.37938e-007 -7.22619e-008 1.09842e-009 -2.74762e-008 -6.70622e-008 -8.1286e-010 -6.8088e-008 -1.64817e-009 -5.92505e-007          0 -1.60232e-007 -4.50744e-009 -3.05914e-008
 2.80752e-009 -2.31036e-009 -3.00807e-008 -4.00329e-009 -2.24667e-009 9.1047e-010 1.01948e-008 1.31592e-010 -9.1534e-008 2.34006e-007 7.29509e-008 2.18549e-007 2.34965e-007 1.20271e-008 -1.24587e-007 1.61106e-008 -4.20364e-010 -2.8896e-009 -2.11511e-009 -3.82305e-009 1.60232e-007          0 -2.66345e-009 -1.97847e-007
 -1.00953e-008 -1.47643e-007 -1.70499e-008 -9.27809e-008 -2.41827e-009 2.64334e-007 1.01802e-007  4.98e-008 1.03425e-009 3.25677e-008 1.26313e-008 1.15076e-006 7.41426e-008 1.25908e-009 -4.95981e-009 4.61573e-009 1.25591e-010 2.24849e-010 6.22394e-010 -1.78301e-008 4.50744e-009 2.66345e-009          0 -1.86449e-008
 2.07509e-008 3.47519e-008 4.23038e-006 5.92206e-006 6.50411e-007 9.40133e-006 2.96315e-006 2.10657e-006 3.25049e-008 1.07306e-007 4.35993e-007 3.49543e-007 2.18155e-007 1.08861e-006 -2.69424e-008 8.13173e-008 1.55192e-009 9.12087e-008 5.2787e-009 1.67119e-006 3.05914e-008 1.97847e-007 1.86449e-008          0
