    unsorted:	 245.5125599 245.5042661 76.15664993 73.79006877 79.74124177 69.92456252 63.49925500 55.65636732 95.36062896 11.19769650 21.50911700 23.98704776 10.78135234 44.69637923 7.707159147 1.310084929 5.993580650 2.357847318 130.0971185 127.5210882 132.8137021 174.2723850 243.5031598 224.3729449 226.8492710 195.3090215 263.9033849 308.4532517 330.2489534 343.3197666 443.2672764 460.3730205 471.7995428 482.4094296 490.8201909 490.1831008 549.5782523 547.1759381 579.6155085 607.4849382 632.1758412 644.7064382 666.5868790 684.4465690 738.4425929 778.3688553 815.6405103 866.5141856 899.3180196 940.4634662 984.5981150 1062.089408 1161.243523 1200.453403 1262.021396 1320.659038 1346.093123 1424.731368 1514.883619 1584.021562 1713.143195 1845.400254 1877.305255 2014.775875 2091.413155 2297.673656 2549.567981 3403.325084 3305.437011 3436.282329 3538.008607 4872.234488 5255.537069 7154.400035 8982.337393 9814.492532 11533.17364 12495.09223 13120.42972 13652.01408 13950.96779 14323.03989 14594.72314 15200.12510 17483.29046 19651.30021 19134.28518 20309.10799 22237.99871 22125.55179 21799.97952 22483.27533 21113.23323 22866.75493 23565.52922 23452.18393 24009.53786 24369.38833 24290.67698 24689.78066 24854.68838 25105.10920 25564.53731 25685.37165 25960.80498 26413.43224 26634.44289 27549.89076 28089.06003 28370.05004 29292.06423 36760.57161 42769.57966 47255.15924 152589.2566 319275.7795 484608.6669 623937.7742 615809.7825 726448.8224 794385.2737 843801.5736 947678.9156 1170006.985 1215891.198 1294182.779 1429080.270 1545627.493 1720866.617 4004590.585 4198757.645 4262609.813 4788218.074 7041917.746 7675373.695 32209919.99 2.052747107e+011
      sorted:	 1.310084929 2.357847318 5.993580650 7.707159147 10.78135234 11.19769650 21.50911700 23.98704776 44.69637923 55.65636732 63.49925500 69.92456252 73.79006877 76.15664993 79.74124177 95.36062896 127.5210882 130.0971185 132.8137021 174.2723850 195.3090215 224.3729449 226.8492710 243.5031598 245.5042661 245.5125599 263.9033849 308.4532517 330.2489534 343.3197666 443.2672764 460.3730205 471.7995428 482.4094296 490.1831008 490.8201909 547.1759381 549.5782523 579.6155085 607.4849382 632.1758412 644.7064382 666.5868790 684.4465690 738.4425929 778.3688553 815.6405103 866.5141856 899.3180196 940.4634662 984.5981150 1062.089408 1161.243523 1200.453403 1262.021396 1320.659038 1346.093123 1424.731368 1514.883619 1584.021562 1713.143195 1845.400254 1877.305255 2014.775875 2091.413155 2297.673656 2549.567981 3305.437011 3403.325084 3436.282329 3538.008607 4872.234488 5255.537069 7154.400035 8982.337393 9814.492532 11533.17364 12495.09223 13120.42972 13652.01408 13950.96779 14323.03989 14594.72314 15200.12510 17483.29046 19134.28518 19651.30021 20309.10799 21113.23323 21799.97952 22125.55179 22237.99871 22483.27533 22866.75493 23452.18393 23565.52922 24009.53786 24290.67698 24369.38833 24689.78066 24854.68838 25105.10920 25564.53731 25685.37165 25960.80498 26413.43224 26634.44289 27549.89076 28089.06003 28370.05004 29292.06423 36760.57161 42769.57966 47255.15924 152589.2566 319275.7795 484608.6669 615809.7825 623937.7742 726448.8224 794385.2737 843801.5736 947678.9156 1170006.985 1215891.198 1294182.779 1429080.270 1545627.493 1720866.617 4004590.585 4198757.645 4262609.813 4788218.074 7041917.746 7675373.695 32209919.99 2.052747107e+011
