maxerr = 1.17763e-005

    2.89151  -0.920091     -1.726 -0.0254046  -0.202021   0.209893 -0.0540797 -0.0485848    1.84563   -2.20482  -0.454457   -1.40846   0.838116   0.295153 -0.0623211  -0.797866    1.26118 -0.00540723   0.335532   0.584473  -0.215051   0.188655  0.0877991   0.665314
  -0.920091    20.2897   -15.4471  -0.233686   -2.02693    1.49928   -1.09347  -0.968553    5.91234   -12.5104   -2.76236   -10.1512   0.292202    3.13012  -0.765681    -0.8257    8.71544 -0.0361651    3.97658      6.017    -2.2994     2.6526   0.395879    10.0918
     -1.726   -15.4471    66.1687  -0.106874    -1.0374   -10.8587   -25.2032   -17.7282   -13.5014    17.3417   -1.09619   -6.73628  -0.907846   -5.36725   -5.00035  -0.725859    72.2494   0.688853    32.0463    9.84056   -75.1587    1.85178   -27.0659    3.10171
 -0.0254046  -0.233686  -0.106873    6.63506   -1.45472   -1.94268   -1.08896   -1.03754   0.943767   -1.03305   0.349618   -1.02961  -0.108857  -0.490049 0.00942964 -0.0190751  -0.378208 -0.0278956  -0.498091   0.976075  -0.290911    1.22326   0.689623   0.196365
  -0.202021   -2.02693    -1.0374   -1.45472    48.6569    -18.358   -10.7093   -9.24994    2.83122   -5.99402   0.801873   -6.49489  -0.339294   -4.40954   0.175928 -0.0748158   -3.42051 -0.0148087   -4.19595     9.1756   -3.02603    11.1023    6.22631    4.53054
   0.209893    1.49928   -10.8587   -1.94268    -18.358    227.157   -120.541   -78.6525   -9.34279    15.3893    1.68788    60.5274   -3.06998    8.07507    6.79638   0.613806   -17.8525      1.135   -51.9708    11.0768   -27.7887    13.0958   -16.6455   -5.65578
 -0.0540796   -1.09347   -25.2032   -1.08896   -10.7093   -120.541    229.575   -45.6486    2.37227   -11.1649    1.45331    19.5054   -3.82118   -3.44437   -3.37752   0.838624   -24.6185   0.947857   -20.6704    -53.251     112.43    7.67435   -19.0584    14.4696
 -0.0485848  -0.968553   -17.7282   -1.03754   -9.24993   -78.6525   -45.6486    146.701   -3.71632    4.25612   0.160333    3.33438   -1.00631   -0.14661    2.38771   0.537669   -26.0811      -2.66    50.7317    5.54543   -37.8557   -41.1099    43.8507   -4.04805
    1.84563    5.91234   -13.5014   0.943767    2.83122    -9.3428    2.37228   -3.71632    1055.47   -711.118    21.0011   -6.63834   -10.4506   -37.2996   -25.7021    10.9921   -17.8777   -2.23619  -0.345598   -2.41754   -88.2546   -3.01202    -7.5458   -230.557
   -2.20482   -12.5104    17.3417   -1.03305   -5.99402    15.3893    -11.165    4.25611   -711.118    2104.98   -14.1618    168.863    64.1518    187.589    152.501   -9.41855    24.7003  -0.682105    30.9395    6.43012    319.205    10.6576    37.3279   -171.025
  -0.454457   -2.76236   -1.09619   0.349618   0.801872    1.68788     1.4533   0.160332    21.0011   -14.1618     433.51      530.9    110.181    272.586    14.6363   -40.8468   -23.6517   -6.86261   -5.34266   -0.11424   -3.83169   0.653352    -5.7749   -6.26123
   -1.40846   -10.1512   -6.73628   -1.02961   -6.49489    60.5274    19.5052    3.33435   -6.63845    168.863      530.9    3540.79    6.84704    1135.22     546.14    4.76837    359.409   -10.3815    252.886    7.51741    114.245    18.8651    -14.077   -124.391
   0.838116   0.292202  -0.907846  -0.108857  -0.339293   -3.06998   -3.82119   -1.00631   -10.4506    64.1519    110.181    6.84718       1960   -13.6966    30.4551    34.9448    52.8698    7.02412   -3.76837   -6.25637    56.9259    1.80028    8.33877   -137.523
   0.295153    3.13012   -5.36725  -0.490049   -4.40954    8.07507   -3.44438  -0.146613   -37.2996    187.589    272.586    1135.22   -13.6966    2205.05    88.1544    12.0878    83.7022      8.764    459.695    11.2296    245.074     17.572    141.102    -3.4255
 -0.0623211  -0.765681   -5.00035 0.00942964   0.175929     6.7964   -3.37744    2.38773   -25.7021    152.501    14.6363     546.14    30.4551    88.1544    1199.41    3.68585    78.4367   -1.79545   -59.3357    3.39526    177.259    9.23214    80.6311   -94.8221
  -0.797866    -0.8257  -0.725859 -0.0190751 -0.0748158   0.613806   0.838623   0.537669    10.9921   -9.41855   -40.8468    4.76838    34.9448    12.0878    3.68585    234.215   -0.58133 -0.0468488  -0.765641  -0.214123    1.61844   0.101026   0.609027   -3.79856
    1.26118    8.71544    72.2494  -0.378208   -3.42051   -17.8525   -24.6185   -26.0811   -17.8777    24.7003   -23.6517    359.409    52.8698    83.7022    78.4367   -0.58133    1449.99   0.822753    54.7341    5.12619   -49.6345    5.07135   -45.3256    25.0993
 -0.00540723 -0.0361651   0.688853 -0.0278956 -0.0148087      1.135   0.947857      -2.66   -2.23619  -0.682105   -6.86261   -10.3815    7.02412      8.764   -1.79545 -0.0468487   0.822753    663.561    13.7958   -1.55476   -1.56304    3.72853     8.0544    2.55132
   0.335532    3.97658    32.0463  -0.498091   -4.19595   -51.9708   -20.6704    50.7317  -0.345598    30.9395   -5.34266    252.886   -3.76837    459.695   -59.3357  -0.765641    54.7341    13.7958    4006.34    4.42716    254.978   -29.4157    102.634    30.5022
   0.584473      6.017    9.84056   0.976075     9.1756    11.0768    -53.251    5.54543   -2.41754    6.43012   -0.11424    7.51741   -6.25637    11.2296    3.39526  -0.214123    5.12619   -1.55476    4.42716    1054.38   -5.25004   -6.50085   -3.27115   -3.01825
  -0.215051   -2.29939   -75.1587   -0.29091   -3.02603   -27.7887     112.43   -37.8558   -88.2546    319.205   -3.83169    114.245    56.9259    245.074    177.259    1.61844   -49.6345   -1.56304    254.978   -5.25004    6219.25   -6.40543   -75.5719   -297.052
   0.188655     2.6526    1.85178    1.22326    11.1023    13.0958    7.67435   -41.1099   -3.01202    10.6576   0.653353    18.8651    1.80029     17.572    9.23213   0.101026    5.07135    3.72853   -29.4157   -6.50085   -6.40542    590.582   -12.7819   -9.44777
  0.0877991   0.395879   -27.0659   0.689623    6.22631   -16.6455   -19.0584    43.8507    -7.5458    37.3279    -5.7749    -14.077    8.33878    141.102    80.6311   0.609027   -45.3256     8.0544    102.634   -3.27115   -75.5719   -12.7819    3843.14   -35.3078
   0.665314    10.0918    3.10171   0.196365    4.53054   -5.65577    14.4697   -4.04804   -230.557   -171.025   -6.26122    -124.39   -137.523   -3.42548   -94.8221   -3.79856    25.0993    2.55132    30.5022   -3.01825   -297.051   -9.44775   -35.3078    535.349

          0 -6.54054e-010 -2.93045e-009 -2.61839e-008 -5.06696e-009 -9.83228e-009 -2.61303e-007 -5.84883e-008 -2.78362e-009 8.25099e-010 -2.53901e-009 -1.41881e-008 -1.70178e-008 -7.73807e-009 6.65933e-009 -1.83146e-010 1.59916e-009 2.01722e-009 -1.742e-010 -1.23902e-009 -1.08748e-007 -2.33143e-008 -7.4718e-009 -3.12153e-008
 6.54054e-010          0 -2.22275e-009 -2.14767e-008 -2.1704e-009 -9.17495e-009 -8.52082e-008 -1.87455e-008 -8.69329e-010 9.83876e-009 2.82492e-013 -1.81644e-008 -2.6514e-007 7.68368e-009 1.65926e-008 5.70129e-009 8.96729e-009 8.21552e-008 7.94122e-009 -9.60968e-010 -6.7602e-008 -1.08635e-008 2.39861e-008 -3.0265e-008
 2.93045e-009 2.22275e-009          0 -2.15571e-007 9.10203e-009 3.55131e-009 6.07234e-009 2.30931e-009 1.22242e-008 4.41885e-008 4.00686e-008 -1.13477e-008 1.46757e-007 8.74014e-008 1.72482e-008 5.40835e-008 5.57275e-009 1.68712e-008 3.03565e-009 -6.62514e-010 1.76469e-009 1.71269e-008 2.33199e-009 -2.50487e-007
 2.61839e-008 2.14767e-008 2.15571e-007          0 -1.87303e-009 -1.45762e-008 -4.78192e-008 -1.24186e-008 3.41623e-009 9.47819e-008 1.86128e-009 -9.09109e-008 -3.9185e-007 1.23923e-007 7.38888e-008 2.3406e-007 1.41618e-007 4.83206e-008 2.93255e-008 -3.90317e-009 -2.89306e-007 -1.19557e-008 5.03171e-009 -8.92077e-007
 5.06696e-009 2.1704e-009 -9.10203e-009 1.87303e-009          0 -1.25108e-008 -4.70231e-008 -1.34308e-008 -3.58751e-008 2.02944e-007 2.92219e-008 1.46815e-007 -6.91543e-007 6.88343e-008 -2.92245e-006 -1.75968e-008 1.39157e-008 1.222e-006 6.79414e-008 -1.48333e-009 -2.95756e-009 -1.1999e-008 -1.50991e-008 -3.78501e-007
 9.83228e-009 9.17495e-009 -3.55131e-009 1.45762e-008 1.25108e-008          0 7.00689e-009 9.00037e-010 1.40188e-007 3.22033e-007 1.91311e-007 1.94337e-007 2.8457e-007 3.59645e-007 -1.17224e-006 1.6348e-008 -2.45651e-009 8.83221e-008 4.00936e-008 3.93198e-009 4.34979e-007 1.195e-008 -1.42988e-007 -5.57091e-007
 2.61303e-007 8.52082e-008 -6.07234e-009 4.78192e-008 4.70231e-008 -7.00689e-009          0 -2.43289e-009 -9.8752e-007 3.47404e-006 1.53369e-006 4.08375e-006 1.63348e-006 1.81849e-006 -1.13633e-005 6.98845e-008 2.83505e-009 -8.44792e-008 9.66443e-008 9.21874e-009 5.80898e-007 4.18961e-008 -6.75973e-008 -1.74297e-006
 5.84883e-008 1.87455e-008 -2.30931e-009 1.24186e-008 1.34308e-008 -9.00037e-010 2.43289e-009          0 -5.99967e-008 1.76991e-006 2.63429e-006 4.56163e-006 9.89063e-007 1.17763e-005 -3.18496e-006 1.58322e-008 -7.0749e-010 1.32972e-008 1.25881e-008 1.71571e-008 3.15438e-007 -5.14883e-010 -2.04058e-008 -1.30586e-006
 2.78362e-009 8.69329e-010 -1.22242e-008 -3.41623e-009 3.58751e-008 -1.40188e-007 9.8752e-007 5.99967e-008          0 2.65009e-008 7.32601e-008 8.455e-006 2.2923e-006 1.04168e-007 -2.46376e-007 5.10392e-009 1.22942e-009 -1.39894e-008 4.59611e-008 -1.93979e-008 1.4037e-007 5.04818e-007 2.20182e-008 2.02972e-008
 -8.25099e-010 -9.83876e-009 -4.41885e-008 -9.47819e-008 -2.02944e-007 -3.22033e-007 -3.47404e-006 -1.76991e-006 -2.65009e-008          0 -2.38881e-007 -4.7069e-007 -9.48247e-007 -5.24687e-008 -6.40329e-008 -4.0302e-008 -9.10108e-011 -1.24017e-007 -1.32294e-008 -2.69224e-007 -1.58492e-007 -8.90108e-007 -5.06455e-008 -3.47815e-007
 2.53901e-009 -2.82492e-013 -4.00686e-008 -1.86128e-009 -2.92219e-008 -1.91311e-007 -1.53369e-006 -2.63429e-006 -7.32601e-008 2.38881e-007          0 8.44546e-009 -1.03219e-008 -6.43961e-010 -1.68405e-007 -3.01663e-010 1.89671e-010 -1.42744e-009 -4.95436e-009 -1.00593e-006 -2.16692e-007 -6.29427e-007 -2.12771e-008 -6.53681e-007
 1.41881e-008 1.81644e-008 1.13477e-008 9.09109e-008 -1.46815e-007 -1.94337e-007 -4.08375e-006 -4.56163e-006 -8.455e-006 4.7069e-007 -8.44546e-009          0 -9.8878e-006 -1.38992e-008 -1.17193e-007 -2.02199e-007 7.06661e-011 -1.5611e-008 -3.38334e-009 -4.71765e-007 -9.08989e-007 -1.13172e-006 -3.1222e-007 -1.23697e-006
 1.70178e-008 2.6514e-007 -1.46757e-007 3.9185e-007 6.91543e-007 -2.8457e-007 -1.63348e-006 -9.89063e-007 -2.2923e-006 9.48247e-007 1.03219e-008 9.8878e-006          0 3.09316e-008 -1.0155e-006 -1.27736e-009 1.54916e-009 -1.02578e-008 -4.34991e-008 -9.60214e-008 -1.47696e-008 -1.13324e-006 -1.2885e-007 -3.61627e-007
 7.73807e-009 -7.68368e-009 -8.74014e-008 -1.23923e-007 -6.88343e-008 -3.59645e-007 -1.81849e-006 -1.17763e-005 -1.04168e-007 5.24687e-008 6.43961e-010 1.38992e-008 -3.09316e-008          0 -6.04577e-008 -4.58753e-009 1.33544e-010 -6.05735e-009 -2.45666e-010 -4.73541e-008 -9.78182e-009 -5.2757e-008 -1.86299e-009 -2.86445e-006
 -6.65933e-009 -1.65926e-008 -1.72482e-008 -7.38888e-008 2.92245e-006 1.17224e-006 1.13633e-005 3.18496e-006 2.46376e-007 6.40329e-008 1.68405e-007 1.17193e-007 1.0155e-006 6.04577e-008          0 4.56751e-008 2.43223e-010 7.26628e-010 3.9228e-009 2.43057e-007 1.85863e-007 6.49115e-007 1.42471e-008 2.79353e-007
 1.83146e-010 -5.70129e-009 -5.40835e-008 -2.3406e-007 1.75968e-008 -1.6348e-008 -6.98845e-008 -1.58322e-008 -5.10392e-009 4.0302e-008 3.01663e-010 2.02199e-007 1.27736e-009 4.58753e-009 -4.56751e-008          0 7.81614e-009 -2.38652e-008 2.82597e-009 -4.10561e-008 7.15841e-008 -1.47403e-007 -1.89746e-008 -9.11487e-008
 -1.59916e-009 -8.96729e-009 -5.57275e-009 -1.41618e-007 -1.39157e-008 2.45651e-009 -2.83505e-009 7.0749e-010 -1.22942e-009 9.10108e-011 -1.89671e-010 -7.06661e-011 -1.54916e-009 -1.33544e-010 -2.43223e-010 -7.81614e-009          0 -3.25099e-009 8.98864e-011 -7.00991e-009 -2.80646e-009 -6.32339e-009 -1.67265e-010 -5.87389e-009
 -2.01722e-009 -8.21552e-008 -1.68712e-008 -4.83206e-008 -1.222e-006 -8.83221e-008 8.44792e-008 -1.32972e-008 1.39894e-008 1.24017e-007 1.42744e-009 1.5611e-008 1.02578e-008 6.05735e-009 -7.26628e-010 2.38652e-008 3.25099e-009          0 2.71309e-009 -2.16566e-009 1.10815e-007 6.3383e-009 -2.95386e-010 1.33959e-008
 1.742e-010 -7.94122e-009 -3.03565e-009 -2.93255e-008 -6.79414e-008 -4.00936e-008 -9.66443e-008 -1.25881e-008 -4.59611e-008 1.32294e-008 4.95436e-009 3.38334e-009 4.34991e-008 2.45666e-010 -3.9228e-009 -2.82597e-009 -8.98864e-011 -2.71309e-009          0 -4.68095e-008 2.43257e-009 2.6399e-010 -9.21055e-011 -5.66872e-009
 1.23902e-009 9.60968e-010 6.62514e-010 3.90317e-009 1.48333e-009 -3.93198e-009 -9.21874e-009 -1.71571e-008 1.93979e-008 2.69224e-007 1.00593e-006 4.71765e-007 9.60214e-008 4.73541e-008 -2.43057e-007 4.10561e-008 7.00991e-009 2.16566e-009 4.68095e-008          0 5.26829e-007 1.11512e-008 -1.36241e-009 -2.79967e-007
 1.08748e-007 6.7602e-008 -1.76469e-009 2.89306e-007 2.95756e-009 -4.34979e-007 -5.80898e-007 -3.15438e-007 -1.4037e-007 1.58492e-007 2.16692e-007 9.08989e-007 1.47696e-008 9.78182e-009 -1.85863e-007 -7.15841e-008 2.80646e-009 -1.10815e-007 -2.43257e-009 -5.26829e-007          0 -8.37889e-007 -2.61764e-008 -1.79362e-007
 2.33143e-008 1.08635e-008 -1.71269e-008 1.19557e-008 1.1999e-008 -1.195e-008 -4.18961e-008 5.14883e-010 -5.04818e-007 8.90108e-007 6.29427e-007 1.13172e-006 1.13324e-006 5.2757e-008 -6.49115e-007 1.47403e-007 6.32339e-009 -6.3383e-009 -2.6399e-010 -1.11512e-008 8.37889e-007          0 -1.75328e-008 -6.61188e-007
 7.4718e-009 -2.39861e-008 -2.33199e-009 -5.03171e-009 1.50991e-008 1.42988e-007 6.75973e-008 2.04058e-008 -2.20182e-008 5.06455e-008 2.12771e-008 3.1222e-007 1.2885e-007 1.86299e-009 -1.42471e-008 1.89746e-008 1.67265e-010 2.95386e-010 9.21055e-011 1.36241e-009 2.61764e-008 1.75328e-008          0 -7.56216e-009
 3.12153e-008 3.0265e-008 2.50487e-007 8.92077e-007 3.78501e-007 5.57091e-007 1.74297e-006 1.30586e-006 -2.02972e-008 3.47815e-007 6.53681e-007 1.23697e-006 3.61627e-007 2.86445e-006 -2.79353e-007 9.11487e-008 5.87389e-009 -1.33959e-008 5.66872e-009 2.79967e-007 1.79362e-007 6.61188e-007 7.56216e-009          0
